50 50
0 0.0755529 0.165995 0.258258 0.327736 0.353553 0.327736 0.258258 0.165995 0.0755531 0 -0.075553 -0.165995 -0.258258 -0.327736 -0.353553 -0.327735 -0.258258 -0.165995 -0.0755531 0 0.0755529 0.165995 0.258258 0.327736 0.353553 0.327736 0.258258 0.165995 0.0755528 0 -0.0755529 -0.165995 -0.258258 -0.327736 -0.353553 -0.327736 -0.258258 -0.165995 -0.0755528 0 0.0646578 0.100466 0.096817 0.0583787 0 -0.0583787 -0.096817 -0.100466 -0.0646578 
0.0646578 0.138917 0.221971 0.298668 0.345579 0.345079 0.293386 0.202531 0.0962818 1.2647e-07 -0.0755529 -0.149812 -0.238636 -0.328995 -0.396525 -0.420632 -0.393546 -0.323311 -0.230723 -0.140211 -0.0646579 0.0107085 0.100145 0.190441 0.257313 0.280422 0.252336 0.181442 0.0887921 -0.00110703 -0.0755529 -0.148612 -0.229954 -0.304747 -0.349711 -0.347501 -0.294539 -0.202926 -0.0963522 9.78008e-08 0.0755529 0.139011 0.173738 0.169331 0.130626 0.0725265 0.0148686 -0.022646 -0.0254736 0.0108019 
0.100466 0.173107 0.247232 0.305919 0.328015 0.300311 0.223962 0.115152 -5.92189e-08 -0.0962817 -0.165995 -0.232866 -0.312761 -0.393 -0.450565 -0.466306 -0.433402 -0.360059 -0.266461 -0.175949 -0.100466 -0.0261049 0.0579381 0.137755 0.190867 0.199845 0.160179 0.0823837 -0.0116378 -0.0980019 -0.165995 -0.230515 -0.293532 -0.340195 -0.350379 -0.312598 -0.229163 -0.116487 -1.53123e-07 0.0963521 0.165995 0.222532 0.251027 0.242246 0.20201 0.145517 0.0920149 0.0598271 0.0617336 0.100706 
0.0968171 0.167554 0.231559 0.270842 0.267911 0.215175 0.119225 -1.5316e-09 -0.115152 -0.202531 -0.258258 -0.309563 -0.371448 -0.432283 -0.471778 -0.473433 -0.431874 -0.355075 -0.261476 -0.171975 -0.0968171 -0.0244229 0.0491406 0.108785 0.135744 0.118358 0.0577579 -0.031578 -0.126367 -0.204189 -0.258258 -0.306129 -0.340195 -0.348049 -0.315136 -0.238238 -0.126546 1.88437e-07 0.116487 0.202926 0.258258 0.30005 0.315269 0.297169 0.253669 0.200601 0.155953 0.135113 0.147106 0.191823 
0.0583788 0.127168 0.181208 0.202421 0.178042 0.106643 -3.38882e-09 -0.119225 -0.223962 -0.293386 -0.327736 -0.356474 -0.393544 -0.429352 -0.447398 -0.434379 -0.386114 -0.309316 -0.219173 -0.132779 -0.0583787 0.0114099 0.0712133 0.104705 0.0983475 0.0482643 -0.0370634 -0.138266 -0.230725 -0.294385 -0.327736 -0.352016 -0.350379 -0.315137 -0.239326 -0.129089 -1.30722e-07 0.126546 0.229162 0.294539 0.327736 0.347885 0.343616 0.311837 0.263546 0.215504 0.183852 0.179671 0.206468 0.259619 
0 0.067079 0.112752 0.11988 0.0808252 0 -0.106643 -0.215175 -0.300311 -0.345079 -0.353553 -0.355975 -0.36584 -0.376616 -0.376 -0.353553 -0.305289 -0.235195 -0.153708 -0.0731319 0 0.0670789 0.112752 0.11988 0.0808251 -7.45058e-09 -0.106643 -0.215176 -0.300311 -0.345079 -0.353553 -0.350527 -0.312598 -0.238238 -0.129089 0 0.129089 0.238239 0.312598 0.347501 0.353553 0.348106 0.320789 0.272833 0.218875 0.176777 0.160496 0.176016 0.220323 0.283448 
-0.0583788 0.00743193 0.0472874 0.0457594 -7.49261e-09 -0.0808252 -0.178042 -0.267911 -0.328015 -0.345579 -0.327736 -0.304281 -0.289491 -0.280666 -0.269357 -0.24691 -0.208073 -0.152654 -0.0852523 -0.0130428 0.0583787 0.12319 0.157282 0.143476 0.0796939 -0.0224464 -0.140978 -0.24887 -0.321252 -0.34458 -0.327736 -0.297844 -0.229163 -0.126546 1.34741e-07 0.129089 0.239325 0.315137 0.350379 0.349711 0.327735 0.296691 0.246326 0.182192 0.122568 0.0864141 0.0855046 0.120725 0.182542 0.255641 
-0.0968171 -0.0317644 0.00498445 -4.49797e-08 -0.0457594 -0.11988 -0.202421 -0.270842 -0.305919 -0.298668 -0.258258 -0.213426 -0.180681 -0.161441 -0.150132 -0.138378 -0.118203 -0.0842334 -0.034901 0.0273431 0.0968171 0.160212 0.187403 0.162056 0.0864074 -0.023063 -0.140954 -0.239264 -0.294703 -0.297011 -0.258258 -0.205966 -0.116487 -4.50686e-08 0.126546 0.238238 0.315136 0.348049 0.340195 0.304747 0.258258 0.205571 0.135718 0.0579055 -0.00651002 -0.0376379 -0.0255508 0.0263277 0.10295 0.184482 
-0.100466 -0.0357378 -3.25336e-08 -0.00498454 -0.0472874 -0.112752 -0.181208 -0.231559 -0.247232 -0.22197 -0.165995 -0.107177 -0.065529 -0.0462892 -0.0453944 -0.0532422 -0.0580993 -0.0491563 -0.0192287 0.0328961 0.100466 0.163474 0.189294 0.163179 0.0898603 -0.0122867 -0.117424 -0.198792 -0.235593 -0.220251 -0.165995 -0.0986329 9.55906e-08 0.116488 0.229163 0.312598 0.350379 0.340195 0.293532 0.229954 0.165995 0.0985628 0.0154335 -0.0716976 -0.139377 -0.167081 -0.14614 -0.0829128 0.00379556 0.0910729 
-0.0646578 1.10015e-07 0.0357379 0.0317645 -0.00743181 -0.0670789 -0.127168 -0.167554 -0.173107 -0.138917 -0.0755531 -0.0108952 0.0307527 0.0410901 0.024029 -0.00847415 -0.0405352 -0.0564069 -0.0444898 -0.00129352 0.0646578 0.128209 0.157563 0.139991 0.0808336 -0.00242118 -0.086118 -0.146465 -0.165617 -0.13781 -0.0755531 -0.00120044 0.0963519 0.202926 0.294539 0.3475 0.34971 0.304747 0.229954 0.148519 0.0755531 0.00120044 -0.0881606 -0.179666 -0.248877 -0.274974 -0.249877 -0.181323 -0.0898806 9.35299e-05 
0 0.0646578 0.100466 0.096817 0.0583788 0 -0.0583787 -0.0968171 -0.100466 -0.0646578 0 0.0646579 0.100466 0.0968171 0.0583788 2.98023e-08 -0.0583787 -0.0968171 -0.100466 -0.0646577 0 0.0646578 0.100466 0.0968171 0.0583787 0 -0.0583787 -0.0968172 -0.100466 -0.0646578 0 0.0755529 0.165995 0.258258 0.327736 0.353553 0.327736 0.258258 0.165995 0.0755528 0 -0.0755529 -0.165995 -0.258258 -0.327736 -0.353553 -0.327736 -0.258258 -0.165995 -0.0755528 
0.0646579 0.128302 0.164035 0.161594 0.125496 0.0701054 0.0147151 -0.0213834 -0.0238239 0.0119089 0.075553 0.13781 0.165617 0.146465 0.0861181 0.00242114 -0.0808338 -0.139991 -0.157563 -0.128209 -0.0646579 0.00110686 0.0432978 0.053248 0.0347708 -2.9037e-08 -0.0347708 -0.0532481 -0.0432977 -0.00110692 0.0646579 0.140211 0.221971 0.298668 0.345579 0.345079 0.293386 0.202531 0.0962821 -1.01877e-07 -0.075553 -0.149906 -0.239267 -0.330772 -0.399983 -0.42608 -0.400983 -0.332429 -0.240987 -0.151013 
0.100466 0.158195 0.193089 0.196754 0.172883 0.13323 0.0935771 0.0697065 0.0733715 0.108266 0.165995 0.220251 0.235594 0.198792 0.117425 0.0122867 -0.0898604 -0.163179 -0.189293 -0.163474 -0.100466 -0.034088 0.0116379 0.0291192 0.0216967 -2.80762e-08 -0.0216967 -0.0291193 -0.0116379 0.034088 0.100466 0.175948 0.247232 0.305919 0.328015 0.300311 0.223962 0.115152 1.28597e-07 -0.0962821 -0.165995 -0.233427 -0.316556 -0.403687 -0.471367 -0.49907 -0.478129 -0.414902 -0.328194 -0.240917 
0.0968171 0.141768 0.173866 0.188384 0.187403 0.177538 0.167672 0.166691 0.181209 0.213307 0.258258 0.297011 0.294703 0.239264 0.140954 0.023063 -0.0864074 -0.162056 -0.187403 -0.160212 -0.0968171 -0.0305018 0.0148639 0.0315778 0.0230288 -2.49422e-08 -0.0230289 -0.0315779 -0.0148639 0.0305018 0.0968171 0.171975 0.231559 0.270842 0.267911 0.215175 0.119225 -6.49712e-08 -0.115151 -0.202531 -0.258258 -0.310945 -0.380798 -0.458611 -0.523026 -0.554154 -0.542067 -0.490188 -0.413566 -0.332034 
0.0583788 0.0842924 0.110662 0.137655 0.165199 0.193057 0.220916 0.248459 0.275452 0.301822 0.327736 0.34458 0.321252 0.24887 0.140978 0.0224464 -0.079694 -0.143476 -0.157282 -0.12319 -0.0583788 0.00727846 0.0488496 0.0574791 0.0370634 -1.01709e-08 -0.0370634 -0.0574792 -0.0488495 -0.00727849 0.0583788 0.132779 0.181208 0.202422 0.178042 0.106643 1.58657e-07 -0.119225 -0.223962 -0.293386 -0.327735 -0.35878 -0.409145 -0.473279 -0.532903 -0.569057 -0.569966 -0.534746 -0.472929 -0.39983 
0 0.00302643 0.0204778 0.0576575 0.112232 0.176777 0.241321 0.295896 0.333076 0.350527 0.353553 0.345079 0.300311 0.215175 0.106643 7.45058e-09 -0.0808252 -0.11988 -0.112752 -0.067079 0 0.0646578 0.100466 0.0968171 0.0583787 -1.49012e-08 -0.0583787 -0.0968172 -0.100466 -0.0646578 0 0.0731317 0.112752 0.11988 0.0808251 0 -0.106643 -0.215176 -0.300311 -0.345079 -0.353553 -0.359001 -0.386318 -0.434274 -0.488232 -0.53033 -0.546611 -0.531091 -0.486784 -0.423659 
-0.0583788 -0.0786815 -0.0726971 -0.0307611 0.0428741 0.134678 0.226483 0.300118 0.342054 0.348038 0.327735 0.294385 0.230725 0.138266 0.0370635 -0.0482643 -0.0983475 -0.104705 -0.0712133 -0.01141 0.0583787 0.122037 0.152082 0.136155 0.0796939 -1.41907e-08 -0.0796939 -0.136155 -0.152082 -0.122037 -0.0583788 0.0130427 0.0472874 0.0457594 -8.60181e-08 -0.0808252 -0.178041 -0.267911 -0.328015 -0.345579 -0.327736 -0.307586 -0.311855 -0.343634 -0.391925 -0.439968 -0.471619 -0.4758 -0.449003 -0.395852 
-0.0968172 -0.137347 -0.143949 -0.104151 -0.0234401 0.0807204 0.184881 0.265592 0.30539 0.298787 0.258258 0.204189 0.126367 0.0315778 -0.0577579 -0.118358 -0.135744 -0.108785 -0.0491405 0.0244229 0.0968172 0.159817 0.186068 0.162056 0.0937286 -4.86016e-09 -0.0937286 -0.162056 -0.186067 -0.159817 -0.0968172 -0.0273432 0.00498439 -1.11816e-07 -0.0457596 -0.11988 -0.202421 -0.270842 -0.305919 -0.298668 -0.258258 -0.216466 -0.201247 -0.219347 -0.262847 -0.315915 -0.360563 -0.381403 -0.36941 -0.324693 
-0.100466 -0.155353 -0.17386 -0.142613 -0.0674966 0.0327646 0.133026 0.208142 0.239389 0.220882 0.165995 0.098002 0.0116381 -0.0823836 -0.160178 -0.199845 -0.190867 -0.137755 -0.0579383 0.0261046 0.100466 0.163403 0.189293 0.164515 0.0950607 -2.89392e-08 -0.0950607 -0.164515 -0.189293 -0.163403 -0.100466 -0.0328959 1.18596e-07 -0.00498433 -0.0472873 -0.112752 -0.181208 -0.23156 -0.247232 -0.221971 -0.165995 -0.109458 -0.0809626 -0.0897439 -0.12998 -0.186473 -0.239975 -0.272163 -0.270256 -0.231284 
-0.0646578 -0.127008 -0.155282 -0.136952 -0.0775285 0.00544767 0.0884238 0.147847 0.166178 0.137904 0.0755531 0.00110705 -0.0887918 -0.181442 -0.252336 -0.280422 -0.257313 -0.190441 -0.100145 -0.0107088 0.0646578 0.128209 0.157634 0.140386 0.0819865 -5.10227e-10 -0.0819865 -0.140386 -0.157633 -0.128209 -0.0646578 0.00129352 0.0357379 0.0317645 -0.00743193 -0.0670789 -0.127168 -0.167554 -0.173107 -0.138917 -0.0755531 -0.0120955 0.0226317 0.0182244 -0.0204796 -0.0785795 -0.136238 -0.173752 -0.17658 -0.140304 
0 -0.0646578 -0.100466 -0.096817 -0.0583788 2.98023e-08 0.0583788 0.0968171 0.100466 0.0646578 0 -0.075553 -0.165995 -0.258258 -0.327736 -0.353553 -0.327735 -0.258258 -0.165995 -0.0755531 0 0.0646578 0.100466 0.0968171 0.0583787 0 -0.0583787 -0.0968172 -0.100466 -0.0646578 0 0.0646578 0.100466 0.0968171 0.0583787 0 -0.0583787 -0.0968172 -0.100466 -0.0646578 0 0.0646578 0.100466 0.096817 0.0583787 0 -0.0583787 -0.096817 -0.100466 -0.0646578 
0.0755529 0.0108018 -0.031384 -0.0428671 -0.0274877 0.00302644 0.0330986 0.0472885 0.0342259 -0.00950834 -0.0755529 -0.151106 -0.241548 -0.333811 -0.403288 -0.429106 -0.403288 -0.333811 -0.241548 -0.151106 -0.0755529 -0.00969489 0.0330339 0.0441297 0.0273343 -0.00544757 -0.0382294 -0.0550249 -0.0439288 -0.00120022 0.0646578 0.128209 0.165124 0.161475 0.123036 0.0646578 0.00627911 -0.0321594 -0.0358078 -2.49775e-08 0.0646578 0.129409 0.165684 0.162857 0.125342 0.0676842 0.00958424 -0.0291198 -0.033527 0.00120017 
0.165995 0.106616 0.0617336 0.0356028 0.024593 0.0204778 0.0133719 -0.00568615 -0.0425047 -0.0978641 -0.165995 -0.241548 -0.33199 -0.424253 -0.49373 -0.519548 -0.49373 -0.424253 -0.33199 -0.241548 -0.165995 -0.0990561 -0.0500957 -0.0257234 -0.0230308 -0.0327645 -0.0424982 -0.0398058 -0.0154333 0.033527 0.100466 0.163404 0.200931 0.197283 0.158844 0.100466 0.0420871 0.00364858 1.28597e-07 0.0358079 0.100466 0.165755 0.204727 0.206633 0.174446 0.120944 0.0644508 0.0242147 0.0154335 0.0439289 
0.258258 0.212044 0.17133 0.135113 0.0988839 0.0576575 0.00801028 -0.0508797 -0.117189 -0.187402 -0.258258 -0.333811 -0.424253 -0.516516 -0.585993 -0.611811 -0.585993 -0.516516 -0.424253 -0.333811 -0.258258 -0.190561 -0.137226 -0.103535 -0.0871642 -0.0807205 -0.0742767 -0.0579057 -0.0242146 0.0291198 0.0968171 0.159817 0.197283 0.193634 0.155196 0.0968171 0.0384384 -1.07405e-07 -0.00364851 0.0321592 0.0968171 0.163252 0.207969 0.219962 0.199122 0.154475 0.101406 0.0579057 0.0398057 0.0550248 
0.327736 0.301975 0.27389 0.236739 0.183852 0.112232 0.0242206 -0.0727764 -0.168503 -0.254008 -0.327736 -0.403289 -0.49373 -0.585994 -0.655471 -0.681289 -0.655471 -0.585994 -0.49373 -0.403289 -0.327736 -0.259773 -0.204906 -0.167951 -0.146789 -0.134678 -0.122568 -0.101406 -0.0644508 -0.00958424 0.0583787 0.122037 0.158844 0.155196 0.116757 0.0583787 -2.55212e-08 -0.0384385 -0.0420869 -0.00627915 0.0583787 0.126495 0.179646 0.206444 0.202262 0.170611 0.122568 0.0742768 0.0424982 0.0382293 
0.353553 0.352948 0.345362 0.318959 0.263768 0.176777 0.0639677 -0.0607009 -0.179368 -0.277395 -0.353553 -0.429106 -0.519548 -0.611811 -0.681289 -0.707107 -0.681289 -0.611811 -0.519548 -0.429106 -0.353553 -0.285869 -0.23261 -0.199079 -0.182943 -0.176777 -0.170611 -0.154475 -0.120944 -0.0676842 0 0.0646578 0.100466 0.096817 0.0583787 0 -0.0583787 -0.0968171 -0.100466 -0.0646578 0 0.0701053 0.13323 0.177538 0.193057 0.176777 0.134678 0.0807206 0.0327645 0.00544751 
0.327736 0.353169 0.37118 0.366384 0.32483 0.241321 0.122568 -0.0138312 -0.144578 -0.25003 -0.327736 -0.403289 -0.49373 -0.585994 -0.655471 -0.681289 -0.655471 -0.585994 -0.49373 -0.403289 -0.327736 -0.260772 -0.211669 -0.186992 -0.183852 -0.193057 -0.202262 -0.199123 -0.174445 -0.125342 -0.0583787 0.00727856 0.0420871 0.0384384 1.06201e-08 -0.0583787 -0.116757 -0.155196 -0.158844 -0.123037 -0.0583787 0.0137156 0.0868144 0.148632 0.183852 0.182943 0.146789 0.0871643 0.0230307 -0.0273343 
0.258258 0.306524 0.350882 0.374377 0.359063 0.295896 0.189514 0.0579057 -0.0730331 -0.18006 -0.258258 -0.333811 -0.424253 -0.516516 -0.585993 -0.611811 -0.585993 -0.516516 -0.424253 -0.333811 -0.258258 -0.192218 -0.148442 -0.135113 -0.148631 -0.177538 -0.206444 -0.219962 -0.206633 -0.162857 -0.0968172 -0.0305019 0.00364858 -1.11816e-07 -0.0384385 -0.0968172 -0.155196 -0.193634 -0.197283 -0.161475 -0.0968172 -0.0230411 0.058491 0.135113 0.186992 0.199079 0.167951 0.103535 0.0257231 -0.0441298 
0.165995 0.230585 0.297327 0.349546 0.36598 0.333075 0.251526 0.137053 0.0154332 -0.088231 -0.165995 -0.241548 -0.33199 -0.424253 -0.49373 -0.519548 -0.49373 -0.424253 -0.33199 -0.241548 -0.165995 -0.100776 -0.0617337 -0.0584913 -0.0868146 -0.13323 -0.179646 -0.207969 -0.204727 -0.165684 -0.100466 -0.0340879 1.18596e-07 -0.00364852 -0.0420869 -0.100466 -0.158844 -0.197283 -0.200931 -0.165123 -0.100466 -0.0255438 0.0617335 0.148442 0.211669 0.23261 0.204906 0.137227 0.0500955 -0.0330338 
0.0755528 0.148612 0.230515 0.306129 0.352016 0.350527 0.297844 0.205966 0.0986329 0.00120043 -0.0755528 -0.151106 -0.241548 -0.333811 -0.403288 -0.429106 -0.403288 -0.333811 -0.241548 -0.151106 -0.0755528 -0.0108018 0.0255439 0.023041 -0.0137156 -0.0701054 -0.126495 -0.163252 -0.165754 -0.129409 -0.0646578 0.00110689 0.0358079 0.0321593 -0.00627911 -0.0646578 -0.123037 -0.161475 -0.165123 -0.129316 -0.0646578 0.0108018 0.100776 0.192218 0.260772 0.285869 0.259773 0.190561 0.0990559 0.00969482 
0 0.0755529 0.165995 0.258258 0.327735 0.353553 0.327735 0.258258 0.165995 0.0755531 0 -0.075553 -0.165995 -0.258258 -0.327735 -0.353553 -0.327735 -0.258258 -0.165995 -0.0755531 0 0.0646578 0.100466 0.0968171 0.0583787 0 -0.0583787 -0.0968172 -0.100466 -0.0646578 0 0.0646578 0.100466 0.0968171 0.0583787 0 -0.0583787 -0.0968172 -0.100466 -0.0646578 0 0.0755529 0.165995 0.258258 0.327736 0.353553 0.327736 0.258258 0.165995 0.0755528 
-0.0646578 0.0120021 0.108827 0.214689 0.304128 0.353553 0.351343 0.301827 0.223163 0.139104 0.0646578 -0.0108019 -0.100776 -0.192218 -0.260772 -0.285869 -0.259773 -0.190561 -0.0990562 -0.00969505 0.0646578 0.128115 0.162843 0.158435 0.119731 0.0616314 0.00397342 -0.0335413 -0.0363687 -9.3286e-05 0.0646578 0.128209 0.165124 0.161475 0.123036 0.0646578 0.00627911 -0.0321594 -0.0358078 -2.49775e-08 0.0646578 0.140304 0.231283 0.324693 0.395852 0.423659 0.39983 0.332034 0.240916 0.151012 
0 0 0 0 0 0 0 0 0 0 0 0 0 0 -0.211669 -0.23261 -0.204906 -0.137226 -0.0500957 0.0330337 0.100466 0.157003 0.185498 0.176717 0.136481 0.0799879 0.0264859 -0.00570207 -0.00379533 0.0351769 0.100466 0.163474 0.200931 0.197283 0.158844 0.100466 0.0420871 0.00364858 1.28597e-07 0.0358079 0.100466 0.17658 0.270256 0.36941 0.449003 0.486784 0.472929 0.413566 0.328194 0.240987 
-0.0968171 -0.0196067 0.0803929 0.193019 0.292386 0.353553 0.363085 0.323497 0.251596 0.170713 0.0968171 0.0230409 -0.0584912 -0.135113 -0.186992 -0.199079 -0.167951 -0.103535 -0.0257234 0.0441296 0.0968171 0.138609 0.153828 0.135729 0.0922283 0.0391596 -0.00548833 -0.0263279 -0.014335 0.0303825 0.0968171 0.160212 0.197283 0.193634 0.155196 0.0968171 0.0384384 -1.07405e-07 -0.00364851 0.0321592 0.0968171 0.173752 0.272162 0.381403 0.4758 0.531091 0.534746 0.490188 0.414902 0.332429 
-0.0583787 0.0181737 0.114379 0.21892 0.30642 0.353553 0.349051 0.297596 0.217611 0.132932 0.0583787 -0.0137157 -0.0868145 -0.148631 -0.183852 -0.182943 -0.146789 -0.0871642 -0.0230309 0.0273341 0.0583787 0.078528 0.0742592 0.0424807 -0.00581078 -0.0538534 -0.0855047 -0.0896863 -0.0628885 -0.00973765 0.0583787 0.12319 0.158844 0.155196 0.116757 0.0583787 -2.55212e-08 -0.0384385 -0.0420869 -0.00627915 0.0583787 0.136237 0.239974 0.360564 0.471619 0.54661 0.569966 0.542067 0.478129 0.400983 
0 0.0755529 0.165995 0.258258 0.327735 0.353553 0.327735 0.258258 0.165995 0.0755531 0 -0.0701054 -0.13323 -0.177538 -0.193057 -0.176777 -0.134678 -0.0807204 -0.0327646 -0.00544769 0 -0.00544754 -0.0327645 -0.0807205 -0.134678 -0.176777 -0.193057 -0.177538 -0.13323 -0.0701053 0 0.0670789 0.100466 0.096817 0.0583787 0 -0.0583787 -0.0968171 -0.100466 -0.0646578 0 0.0785793 0.186472 0.315916 0.439968 0.53033 0.569057 0.554154 0.49907 0.42608 
0.0583787 0.132932 0.217611 0.297596 0.349051 0.353553 0.30642 0.21892 0.114379 0.0181738 -0.0583787 -0.126495 -0.179646 -0.206444 -0.202262 -0.170611 -0.122568 -0.0742766 -0.0424983 -0.0382295 -0.0583787 -0.0894231 -0.139788 -0.203922 -0.263546 -0.2997 -0.30061 -0.265389 -0.203572 -0.130473 -0.0583787 0.0114099 0.0420871 0.0384384 1.06201e-08 -0.0583787 -0.116757 -0.155196 -0.158844 -0.123037 -0.0583787 0.0204793 0.12998 0.262847 0.391925 0.488232 0.532903 0.523026 0.471366 0.399983 
0.0968172 0.170713 0.251597 0.323497 0.363085 0.353553 0.292386 0.193019 0.0803928 -0.0196065 -0.0968172 -0.163252 -0.207969 -0.219962 -0.199123 -0.154475 -0.101406 -0.0579056 -0.0398059 -0.055025 -0.0968172 -0.149505 -0.219358 -0.29717 -0.361585 -0.392713 -0.380626 -0.328747 -0.252126 -0.170593 -0.0968172 -0.024423 0.00364858 -1.11816e-07 -0.0384385 -0.0968172 -0.155196 -0.193634 -0.197283 -0.161475 -0.0968172 -0.0182249 0.0897432 0.219347 0.343633 0.434274 0.473278 0.45861 0.403687 0.330771 
0.100466 0.174299 0.254822 0.325956 0.364418 0.353553 0.291054 0.19056 0.077167 -0.0231926 -0.100466 -0.165754 -0.204727 -0.206633 -0.174446 -0.120944 -0.0644507 -0.0242145 -0.0154334 -0.0439289 -0.100466 -0.167897 -0.251027 -0.338158 -0.405837 -0.433541 -0.4126 -0.349373 -0.262665 -0.175387 -0.100466 -0.0261047 1.18596e-07 -0.00364852 -0.0420869 -0.100466 -0.158844 -0.197283 -0.200931 -0.165123 -0.100466 -0.0226319 0.0809623 0.201247 0.311855 0.386318 0.409145 0.380799 0.316556 0.239267 
0.0646578 0.139104 0.223163 0.301827 0.351343 0.353553 0.304128 0.214689 0.108827 0.0120022 -0.0646578 -0.129409 -0.165685 -0.162857 -0.125342 -0.0676842 -0.00958419 0.0291199 0.0335269 -0.00120031 -0.0646578 -0.13901 -0.228372 -0.319876 -0.389088 -0.415185 -0.390088 -0.321534 -0.230092 -0.140117 -0.0646578 0.0107085 0.0358079 0.0321593 -0.00627911 -0.0646578 -0.123037 -0.161475 -0.165123 -0.129316 -0.0646578 0.0120952 0.109458 0.216466 0.307586 0.359001 0.35878 0.310945 0.233426 0.149906 
0 0.0755529 0.165995 0.258258 0.327735 0.353553 0.327735 0.258258 0.165995 0.0755531 0 -0.0646579 -0.100466 -0.0968171 -0.0583788 0 0.0583787 0.0968172 0.100466 0.0646578 0 -0.0755529 -0.165995 -0.258258 -0.327736 -0.353553 -0.327736 -0.258258 -0.165995 -0.0755528 0 0.0755529 0.100466 0.0968171 0.0583787 0 -0.0583787 -0.0968172 -0.100466 -0.0646578 0 0.0755529 0.165995 0.258258 0.327736 0.353553 0.327736 0.258258 0.165995 0.0755528 
-0.0755529 -9.31973e-05 0.095721 0.201149 0.29108 0.342053 0.342274 0.295629 0.21969 0.137717 0.0646578 0.00120014 -0.033527 -0.0291198 0.00958416 0.0676842 0.125342 0.162857 0.165684 0.129409 0.0646578 -0.0108018 -0.100776 -0.192218 -0.260772 -0.285869 -0.259773 -0.190561 -0.0990562 -0.00969485 0.0646578 0.139104 0.162843 0.158435 0.119731 0.0616314 0.00397342 -0.0335413 -0.0363687 -9.3286e-05 0.0646578 0.138917 0.22197 0.298668 0.345579 0.345079 0.293386 0.202531 0.0962818 -2.49775e-08 
-0.165995 -0.0969128 -0.00379526 0.105801 0.208361 0.279833 0.305651 0.285353 0.231798 0.164986 0.100466 0.0439288 0.0154333 0.0242145 0.0644506 0.120943 0.174446 0.206634 0.204727 0.165754 0.100466 0.0255439 -0.0617336 -0.148442 -0.211669 -0.23261 -0.204906 -0.137226 -0.0500958 0.0330338 0.100466 0.168459 0.185498 0.176717 0.136481 0.0799879 0.0264859 -0.0057021 -0.00379537 0.0351768 0.100466 0.173107 0.247231 0.305919 0.328015 0.300311 0.223963 0.115152 4.3514e-08 -0.0962818 
-0.258258 -0.204308 -0.125838 -0.0263281 0.075298 0.157518 0.204943 0.212936 0.188105 0.144688 0.096817 0.0550248 0.0398057 0.0579057 0.101406 0.154475 0.199123 0.219962 0.207969 0.163252 0.096817 0.0230409 -0.0584913 -0.135113 -0.186992 -0.199079 -0.167951 -0.103535 -0.0257234 0.0441298 0.096817 0.150886 0.153828 0.135728 0.0922281 0.0391594 -0.00548848 -0.026328 -0.0143351 0.0303824 0.096817 0.167554 0.231559 0.270842 0.267911 0.215175 0.119225 1.24433e-09 -0.115152 -0.202531 
-0.327736 -0.296845 -0.244764 -0.170473 -0.0855048 -0.00558916 0.0554733 0.0897063 0.0966229 0.0826594 0.0583787 0.0382294 0.0424982 0.0742767 0.122568 0.170611 0.202262 0.206444 0.179646 0.126495 0.0583787 -0.0137156 -0.0868145 -0.148631 -0.183852 -0.182943 -0.146789 -0.0871642 -0.0230309 0.0273344 0.0583787 0.0917287 0.0742592 0.0424807 -0.00581078 -0.0538534 -0.0855047 -0.0896863 -0.0628885 -0.00973765 0.0583787 0.127168 0.181208 0.202421 0.178041 0.106643 1.91822e-08 -0.119225 -0.223962 -0.293386 
-0.353553 -0.350527 -0.333076 -0.295896 -0.241321 -0.176777 -0.112232 -0.0576575 -0.0204778 -0.00302649 0 0.00544757 0.0327645 0.0807205 0.134678 0.176777 0.193057 0.177538 0.13323 0.0701054 0 -0.0701053 -0.13323 -0.177538 -0.193057 -0.176777 -0.134678 -0.0807204 -0.0327646 -0.00544751 0 0.00847396 -0.0327645 -0.0807205 -0.134678 -0.176777 -0.193057 -0.177538 -0.13323 -0.0701053 0 0.0670789 0.112752 0.11988 0.0808251 0 -0.106643 -0.215175 -0.300311 -0.345079 
-0.327736 -0.353016 -0.372742 -0.378104 -0.361894 -0.322146 -0.263546 -0.1966 -0.134588 -0.0882703 -0.0583787 -0.0273343 0.0230308 0.0871642 0.146789 0.182943 0.183852 0.148631 0.0868146 0.0137158 -0.0583787 -0.126495 -0.179646 -0.206444 -0.202262 -0.170611 -0.122568 -0.0742766 -0.0424983 -0.0382294 -0.0583787 -0.0752228 -0.139788 -0.203922 -0.263546 -0.2997 -0.30061 -0.265389 -0.203572 -0.130473 -0.0583787 0.00743194 0.0472874 0.0457594 1.06201e-08 -0.0808251 -0.178041 -0.267911 -0.328015 -0.345579 
-0.258258 -0.307787 -0.360761 -0.405955 -0.427851 -0.415776 -0.368906 -0.297169 -0.218021 -0.14911 -0.0968171 -0.0441297 0.0257233 0.103535 0.167951 0.199079 0.186992 0.135113 0.0584913 -0.0230408 -0.0968171 -0.163252 -0.207969 -0.219962 -0.199123 -0.154475 -0.101406 -0.0579056 -0.0398059 -0.0550248 -0.0968171 -0.13557 -0.219357 -0.297169 -0.361585 -0.392713 -0.380626 -0.328747 -0.252125 -0.170593 -0.0968171 -0.0317644 0.00498445 -5.52062e-08 -0.0457595 -0.11988 -0.202421 -0.270842 -0.305919 -0.298668 
-0.165995 -0.232235 -0.308965 -0.38365 -0.434964 -0.445828 -0.411038 -0.339494 -0.251027 -0.167828 -0.100466 -0.0330337 0.0500957 0.137226 0.204906 0.23261 0.211669 0.148442 0.0617337 -0.0255436 -0.100466 -0.165755 -0.204727 -0.206633 -0.174445 -0.120943 -0.0644507 -0.0242144 -0.0154334 -0.0439288 -0.100466 -0.154722 -0.251027 -0.338158 -0.405838 -0.433541 -0.4126 -0.349373 -0.262665 -0.175387 -0.100466 -0.0357378 2.36187e-08 -0.00498449 -0.0472874 -0.112752 -0.181208 -0.231559 -0.247231 -0.22197 
-0.0755528 -0.149719 -0.238075 -0.327613 -0.394219 -0.417606 -0.390241 -0.320271 -0.228442 -0.139011 -0.0646578 0.00969494 0.0990561 0.190561 0.259773 0.285869 0.260772 0.192218 0.100776 0.0108019 -0.0646578 -0.129409 -0.165685 -0.162857 -0.125342 -0.0676842 -0.00958425 0.0291199 0.0335269 -0.00120019 -0.0646578 -0.126915 -0.228372 -0.319876 -0.389088 -0.415185 -0.390088 -0.321534 -0.230092 -0.140117 -0.0646578 -5.75518e-08 0.0357377 0.0317644 -0.00743195 -0.067079 -0.127168 -0.167554 -0.173107 -0.138917 
